%% TS
Ts = 8.3333e-10;